M=[212/5,391/5; 16,-12; -12,9];
>> [U,S,V]=svd(M)

U =

    0.9990    0.0445         0
   -0.0356    0.7992    0.6000
    0.0267   -0.5994    0.8000


S =

   89.0363         0
         0   24.7090
         0         0


V =

    0.4658    0.8849
    0.8849   -0.4658

>> b=[39, 52/5, -39/5];
>> UT=U.transpose();

P=UT*b

P =

   38.3834
   14.7211
         0

>> s1=[1/89.03, 0, 0; 0, 1/24.7090,0];
>> Q=V*s1

Q =

    0.0052    0.0358         0
    0.0099   -0.0188         0

>> Q*P


    0.7280
    0.1040

>> A = [ 54944/25 75392/25  ;
     75392/25 158506/25 ] ;
B = [9568/5; 14274/5];
X = linsolve(A,B)

X =

    0.7280
    0.1040

